  0 Atlanta
  1068  0  Boston
  461  867  0  Cincinnati
  549  769  107  0  Columbus
  805 1819  943 1050  0  Dallas
  508  941  108  172  882  0  Indianapolis
  505 1494  618  725  325  562  0  Little Rock
  2197 3052 2186 2245 1403 2080 1701  0  LosAngeles
  366 1355  502  586  464  436  137 1831  0  Memphis
  558 1178  338  409  645  234  353 1848  294  0  St.Louis
  2467 2747 2067 2131 1891 1959 1988 1227 2042 1820  0  Spokane
  467 1379  928  985 1077  975  912 2480  779 1016 2821  0  Tampa
