  131  138  89  49  1
  125  131  92  48  1
  131  132  99  50  1
  119  132  96  44  1
  136  143  100  54  1
  138  137  89  56  1
  139  130  108  48  1
  125  136  93  48  1
  131  134  102  51  1
  134  134  99  51  1
  129  138  95  50  1
  134  121  95  53  1
  126  129  109  51  1
  132  136  100  50  1
  141  140  100  51  1
  131  134  97  54  1
  135  137  103  50  1
  132  133  93  53  1
  139  136  96  50  1
  132  131  101  49  1
  126  133  102  51  1
  135  135  103  47  1
  134  124  93  53  1
  128  134  103  50  1
  130  130  104  49  1
  138  135  100  55  1
  128  132  93  53  1
  127  129  106  48  1
  131  136  114  54  1
  124  138  101  46  1
  124  138  101  48  2
  133  134  97  48  2
  138  134  98  45  2
  148  129  104  51  2
  126  124  95  45  2
  135  136  98  52  2
  132  145  100  54  2
  133  130  102  48  2
  131  134  96  50  2
  133  125  94  46  2
  133  136  103  53  2
  131  139  98  51  2
  131  136  99  56  2
  138  134  98  49  2
  130  136  104  53  2
  131  128  98  45  2
  138  129  107  53  2
  123  131  101  51 2
  130  129  105  47  2
  134  130  93  54  2
  137  136  106  49  2
  126  131  100  48  2
  135  136  97  52  2
  129  126  91  50  2
  134  139  101  49  2
  131  134  90  53  2
  132  130  104  50  2
  130  132  93  52  2
  135  132  98  54  2
  130  128  101  51  2
  137  141  96  52  3
  129  133  93  47  3
  132  138  87  48  3
  130  134  106  50  3
  134  134  96  45  3
  140  133  98  50  3
  138  138  95  47  3
  136  145  99  55  3
  136  131  92  46  3
  126  136  95  56  3
  137  129  100  53  3
  137  139  97  50  3
  136  126  101  50  3
  137  133  90  49  3
  129  142  104  47  3
  135  138  102  55  3
  129  135  92  50  3
  134  125  90  60  3
  138  134  96  51  3
  136  135  94  53  3
  132  130  91  52  3
  133  131  100  50  3
  138  137  94  51  3
  130  127  99  45  3
  136  133  91  49  3
  134  123  95  52  3
  136  137  101  54  3
  133  131  96  49  3
  138  133  100  55  3
  138  133  91  46  3