#
#  Data taken from Journal of Statistics Education, Volume 13, Number 3
#  (November 2005).  These are measurements taken on the blood of 178 
#  elderly persons.  Columns 1-3 are, respectively, alkaline phospatase,
#  calcium, and inorganic phosphorous.  There are two values of -1,
#  which indicate missing observations.
# 
83 2.53 1.07
117 2.5 1.16
132 2.43 1.13
102 2.48 0.81
114 2.33 1.13
88 2.13 0.84
213 2.55 1.26
153 2.45 1.23
86 2.25 0.65
108 2.43 0.84
96 2.4 1.1
58 2.25 1.1
45 2.18 1.49
73 2.55 1.23
91 2.38 1.42
57 2.3 1.16
159 2.6 1.32
52 2.2 1.07
67 2.38 1.13
111 2.63 1.13
84 2.2 0.9
64 2.18 0.84
82 2.15 0.52
84 2.3 1.36
100 2.53 1.07
90 2 0.97
109 2.23 0.94
65 2.43 1.42
61 2.5 0.87
62 2.33 0.94
43 2.4 1.16
57 2.5 1.23
129 2.5 1.07
118 2.35 0.9
42 2.25 0.94
73 2.45 0.84
60 2.33 0.87
80 2.33 0.94
89 2.43 1.29
95 2.38 1.03
87 2.4 1.18
88 2.28 -1
69 2.35 1.32
72 2.28 1.07
92 2.48 1
129 2.48 1.42
97 2.35 1.03
110 2.63 1.23
129 2.45 1.26
98 2.75 0.9
54 2.4 1.19
55 2.48 1.13
147 2.45 1.19
86 2.45 1.13
69 2.33 0.97
60 2.43 1.1
137 2.6 1.29
78 2.45 1.19
78 2.35 0.87
97 2.4 1.26
98 2.4 1.39
81 2.38 1
97 2.33 1
91 2.35 1
83 2.58 1.1
71 2.23 0.87
82 2.43 1.23
71 2.4 1.19
58 2.48 0.87
75 2.33 1.23
84 2.5 0.97
62 2.35 1.13
91 2.53 1.42
168 2.55 1.13
75 2.45 1.26
100 2.33 1.16
76 2.43 0.97
85 2.38 0.97
115 2.33 1.61
193 2.28 1.23
123 2.13 1.19
126 2.4 1.26
86 2.48 0.97
100 2.2 1.23
115 -1 1.19
98 2.5 1.29
85 2.2 0.94
116 2.5 1
155 2.35 0.94
124 2.7 1.19
116 2.5 1
85 2.2 0.94
73 2.45 1.58
219 2.25 1.16
78 2.5 1.26
103 2.38 1.26
83 2.3 1.32
72 2.2 0.94
81 2.65 1.29
171 2.33 1.07
68 2.3 1.13
107 2.53 1.07
68 2.3 1.13
69 2.4 0.97
163 2.25 1.36
123 2.28 1.1
111 2.3 1.19
79 2.25 0.9
97 2.48 0.77
88 2.48 1.23
84 2.18 0.97
105 2.3 1.16
85 2.25 1.07
127 2.55 1
77 2.25 1.23
106 2.28 1
62 2.48 1.13
106 2.18 1.13
75 2.1 1.1
83 2.15 1.26
91 2.28 1.13
83 2.18 1.16
74 2.38 0.84
136 2.2 0.77
150 2.25 0.94
75 2.35 0.84
64 2.45 0.84
52 2.3 0.87
122 2.33 1
85 2.33 1.23
91 2.1 1.29
71 2.35 0.84
76 2.25 0.97
87 2.15 1
97 2.33 1.07
116 2.33 0.87
68 2.28 1
50 2.38 1.03
77 2.18 1.13
91 2.35 0.97
64 2.35 0.77
63 2.23 1.23
67 2.2 1.32
100 2.33 1.23
61 2.25 1.26
52 2.35 1.26
140 2.5 0.84
107 1.9 1.32
66 2.05 1.19
67 2.4 1.19
105 2.3 0.97
62 2.23 1.03
50 2.3 1.13
83 2.43 1.16
79 2.25 1.07
114 2.4 1.42
57 2.25 1.07
90 2.28 1.32
67 2.18 0.97
105 2.5 1.36
130 2.4 1.29
110 2.28 1.16
119 2.1 1.16
76 2.3 1
69 2.38 0.84
83 2.43 1.16
61 2.35 1.1
73 2.23 1.16
122 2.4 1.19
89 2.3 1.36
109 2.48 1.36
57 2.4 1.19
72 2.2 1.19
138 2.45 1.07
115 2.18 1.1
84 2.3 1.26
83 2.65 0.97
124 2.5 0.97